0.100000  0.111141  3.444750  0.004092  6.923962
0.200000  0.124094  3.307159  0.004620  6.784291
0.300000  0.138343  3.170960  0.005222  6.644898
0.400000  0.153911  3.036642  0.005905  6.506175
0.500000  0.170787  2.904696  0.006681  6.368511
0.600000  0.188920  2.775616  0.007558  6.232295
0.700000  0.208287  2.649371  0.008547  6.097547
0.800000  0.229094  2.524250  0.009664  5.963069
0.900000  0.251419  2.399844  0.010927  5.828518
1.000000  0.275258  2.276257  0.012354  5.693895
1.100000  0.300579  2.153611  0.013967  5.559200
1.200000  0.327204  2.032590  0.015788  5.424778
1.300000  0.355126  1.912837  0.017845  5.290283
1.400000  0.384198  1.794557  0.020168  5.155717
1.500000  0.414078  1.678570  0.022787  5.021429
1.600000  0.444646  1.564610  0.025743  4.887069
1.700000  0.475600  1.453033  0.029078  4.752638
1.800000  0.506570  1.344265  0.032837  4.618138
1.900000  0.536912  1.239453  0.037069  4.483924
2.000000  0.566284  1.138617  0.041834  4.349642
2.100000  0.594072  1.042509  0.047197  4.215295
2.200000  0.619545  0.952032  0.053227  4.080886
2.300000  0.641548  0.868934  0.059995  3.946774
2.400000  0.659224  0.793779  0.067591  3.812605
2.500000  0.671161  0.727945  0.076106  3.678381
2.600000  0.675767  0.672212  0.085651  3.543753
2.700000  0.669750  0.629463  0.096315  3.409435
2.800000  0.555903  0.596654  0.128752  3.273304
2.900000  0.569893  0.575035  0.142124  3.135685
3.000000  0.576097  0.565550  0.157274  2.996924
3.100000  0.574024  0.568712  0.173975  2.857382
3.200000  0.563723  0.584529  0.192298  2.717439
3.300000  0.000000  0.612503  0.212297  2.577491
3.400000  0.000000  0.651718  0.233511  2.437948
3.500000  0.000000  0.700959  0.256869  2.299234
3.600000  0.000000  0.758856  0.281865  2.161789
